freq[0]=934
freq[1]=729
freq[2]=587
freq[3]=485
freq[4]=402
freq[5]=340
freq[6]=267
freq[7]=243
freq[8]=181
freq[9]=149
freq[10]=130
freq[11]=102
freq[12]=86
freq[13]=65
freq[14]=57
freq[15]=45
freq[16]=33
freq[17]=30
freq[18]=23
freq[19]=20
freq[20]=13
freq[21]=14
freq[22]=10
freq[23]=10
freq[24]=9
freq[25]=5
freq[26]=6
freq[27]=5
freq[28]=4
freq[29]=4
freq[30]=3
freq[31]=2
freq[32]=0
freq[33]=1
freq[34]=1

mean = 5.00691
max = 45.0546
min = 0.00015259
