E[W(2)] =  0.03931806 
E[W(5)] =  0.0001216707 

