E[W(2)] =  -0.0492709 
E[W(5)] =  -0.02063341
