E[W(2)] =  5.075252 
E[W(5)] =  5.301343 

