E[W(2)] =  4.961588 
E[W(5)] =  4.467601 
